0.1153041826542869
-0.1269777908931905 -0.562194341270687 0.636146910321297 0.04988902174503196 0.638699548541752
1.1403768132157843 -1.1514916553724615 -1.1220918897871468 -1.1455172289482505 1.2507211570328494
-0.8700519878226664 0.1225890694041493 0.26570282303023585 0.5877790311935798 0.5809114882939033
-0.3693744876920739 0.7540864699378581 0.30991922112399456 1.5971348824417932 0.6344371672014271
-0.23891087747279274 -1.4450098771589135 -0.2492746098387442 0.6367785960410429 0.45678031448003986
1.1437836735198124 0.3088501340861903 1.0752492289061373 0.7721564715431388 -0.1483347926363102
-1.1441313891123617 0.41534850642301047 -0.3057801282103515 -0.09969998365597983 -0.14173989542273419
-0.5185067523474894 -0.5893453969509406 0.9248709866796632 -0.6767112889459442 0.931213469524977
0.034424570736236164 -0.8875684115621219 0.004019269883861351 0.996145054571785 0.17198093979165047
-0.7921965491611317 1.1001302986038872 0.3305984685484185 1.2046618982836184 0.616167844184707
-0.5736910418323627 -0.3611962388156551 0.37331808690727497 0.2502055831279808 0.9546391772775787
-0.9600008664861469 -0.18168254867943578 0.4702167208343368 -0.18915129660290253 0.7497703843110038
0.9401396232499715 1.3461770742227877 0.46200458144609585 -1.1550650272482095 -0.06931140805516224
-1.2732081893811213 -0.37084093032907445 -0.6969878052968133 -0.2988250388861188 0.30076458590787153
-0.05113457675350982 -0.8121129997665301 0.7272096650100959 0.07614168151010994 0.3195265681713097
