-0.9229399205372524
-0.8804796438475346 -1.2304375986974327 4.21824253994426 3.689092616555988 1.8381520429825455 0.15738872634914797 2.4151526279611684
3.4987728274327523 1.021341512166173 -1.886784362949961 1.3970733520351497 1.0213701189243243 1.9713237667964307 2.829106439910783
3.503305038070264 1.331712362393088 2.8111268194761974 -5.454876724351281 -0.9984484977210795 1.6916097025264387 0.08255169762093169
-4.744607500152841 4.54269686475749 -0.5586972590736895 1.7293961890725353 -0.7732439856280122 1.4806089741007717 0.05733359155338036
3.4359561600272177 0.9596783310338284 3.91595576477299 2.1565417883640987 0.21407822627062953 -1.9227899907044765 -1.2042092753290614
1.2204274450586854 -0.3824381162767027 1.1423110900994997 0.6913149924856281 0.6253095802729781 -0.6885771371580501 -1.5406023276864422
-3.5449798737442055 -0.1981881160798068 3.0118037776355773 1.5016672164606573 3.651364178229661 -2.6855891839019455 0.8793251358219347
-5.004378446133216 -0.9102346693675701 -0.6195142346445116 0.2237304199271801 -2.140414094010258 -0.6582414646268602 2.2821454558350975
0.39019770777993523 0.47768518256454884 0.05306926063517671 1.9287252361557738 2.6905413098146735 0.7135240081557565 1.1461894635841114
0.6174032471593797 4.973811457615383 -2.881612691548881 3.611542969912144 -0.2525309927514199 -1.8437782651090997 -1.0388470661455647
3.565825327814877 3.6361940900640786 3.59811747892486 2.9125030974981034 0.8956702365869702 -0.080146722004277 -1.2465351111187284
0.854136888273497 -0.4220282493712533 3.8671575072200994 -0.5321384619744536 -2.255612945665337 -0.9754803876224392 -0.8876670519967531
-0.7713702839139718 -2.4981891706164747 0.6220233178959496 -1.4238523360321904 1.3663298238560595 0.8288261892549156 0.9150056539010909
1.6722574338623644 -1.9224193310490734 -3.775708374484937 -1.7766514053862816 2.7779633242319863 -1.3049132599637212 -1.0979085425130148
0.7931480654225124 1.1477921506520925 2.759404415140344 -3.5393278453217603 -2.1607646004912393 -0.6122122477599086 -0.5519289435538984
0.048656443309211636 1.2994949864449405 2.232553310956432 1.6453771420497603 -0.8824909383178337 2.3987734164175 -0.6867197727395232
5.5656211400562166 -2.148564097293788 1.7623351974508077 -1.4810994396093082 0.32168020052614305 2.2206682636685553 -0.5011483594945032
6.317939723341774 -3.390825966872643 3.8321117487247367 -4.0880475497919395 -3.6573432194685047 -1.0523047128754295 1.8713723841381675
1.295388834788261 -4.51724981077046 2.1184979271865663 -1.5313231763825255 -2.11791006826677 -1.1555947838618363 2.3467527663220813
-0.5556918496489249 3.394138540216852 -0.7132164026714329 4.296530998352265 3.138470574201773 2.0817333419084028 0.42573339616202943
