21.2244255 8.0337363 9.0226653 -5.0
20.1207293 8.1713518 8.8251538 -5.0
19.0319671 8.3647296 8.605786 -5.0
17.9562815 24.6720807 8.3660849 12.999999999999998
17.2241431 40.5315488 8.9878345 0
16.2241431 24.0465346 9.0557661 12.999999999999998
15.5617054 37.9216661 9.9693796 0
14.5617054 37.7685138 10.1648742 0
13.5617054 21.8303874 10.3603687 20.0
13.191144 34.6062562 12.4347278 19.999999999999996
12.9496197 32.3008198 13.4232917 19.999999999999996
12.8445764 30.5235437 12.1102537 19.999999999999996
12.8949893 29.1623922 11.0379896 19.999999999999996
13.1366037 28.1457205 10.157859 19.999999999999996
13.6326322 27.4297416 9.4373783 20.0
14.4963403 23.9204431 8.8556415 20.0
15.9430408 15.6296732 8.4008764 15.489510489510486
27.9080123 13.3791301 8.0103506 11.646706586826346
26.1450159 12.5660228 7.6600788 11.646706586826346
24.5622273 11.9296022 7.3724747 11.646706586826346
23.1330426 11.4024497 7.1510622 9.510489510489508
21.8790586 11.0989944 6.9732088 9.510489510489508
20.7053546 10.802739 6.8566208 9.510489510489508
19.6027325 10.5105779 6.8083033 9.510489510489508
18.5632833 10.2201345 6.8377113 5.0
17.5620925 10.0754583 6.8801505 5.0
16.5751764 9.9110347 22.6742575 -12.999999999999998
15.6051782 10.2985509 23.0193382 -12.999999999999998
14.7178009 10.9635025 23.5677732 -12.999999999999996
13.9043927 11.9992761 24.3888093 -20.0
13.3465091 14.3479396 27.5748802 -19.999999999999996
12.9573744 12.6688167 33.1021061 -19.999999999999996
12.7497127 11.3295811 34.1795595 -19.999999999999996
12.7531521 10.2611717 33.0579319 -19.999999999999996
13.0233076 9.4184593 32.2550681 -19.999999999999996
13.6607904 8.773311 31.74133 -20.0
14.8534929 8.3109425 18.9145754 -12.999999999999996
15.7244456 7.9118472 15.8698179 -19.999999999999996
18.7850349 7.7441792 12.6078303 -11.646706586826346
21.3449883 7.5699865 11.7125351 -9.510489510489508
24.4128593 7.4356255 11.194337 -9.510489510489508
26.4805455 7.3777438 10.7027754 -5.0
25.2680886 7.2666005 10.6170678 -5.0
24.0810962 7.1923312 10.4988049 -5.0
22.9172004 7.1571565 10.3515755 -5.0
21.7741643 7.163669 10.1783172 -5.0
20.6498636 7.2148914 9.9814458 -5.0
19.5422714 7.3143478 9.7629546 -5.0
18.4494434 7.4661509 9.5244914 -5.0
17.3695039 7.6751098 9.2674186 -5.0
16.3006334 7.9468626 8.9928596 -5.0
